0	0.0388487
500	0.0851449
1000	0.147375
1500	0.234967
2000	0.334917
2500	0.451777
3000	0.595648
3500	0.755563
4000	0.934205
4500	1.15583
5000	1.38321
5500	1.62511
6000	1.8932
6500	2.18602
7000	2.48696
7500	2.82634
8000	3.1657
8500	3.52538
9000	4.34848
9500	5.18623
10000	6.04797
10500	6.60171
11000	7.078
11500	7.64477
12000	8.30991
12500	8.93349
13000	10.3318
13500	11.6522
14000	13.0466
14500	14.475
15000	15.1227
15500	15.7967
16000	16.6913
16500	18.5356
17000	19.6999
17500	20.5014
18000	21.2939
18500	22.1024
19000	22.9122
19500	23.8644
20000	24.7586
20500	25.642
21000	26.546
21500	27.4621
22000	28.4128
22500	29.3684
23000	30.3451
23500	31.3972
24000	32.4443
24500	33.5006
25000	34.6687
25500	35.7818
26000	36.9923
26500	38.1699
27000	39.3392
27500	40.5216
28000	41.7647
28500	42.996
29000	44.2398
29500	45.507
30000	49.3428
30500	50.656
31000	51.9902
31500	53.3426
32000	54.9639
32500	56.7101
33000	58.5036
33500	60.2994
34000	62.1373
34500	64.1914
35000	66.2917
35500	68.1695
36000	70.1016
36500	72.045
37000	74.0454
37500	76.0348
38000	78.0555
38500	80.1023
39000	82.1613
39500	84.2397
40000	86.6531
40500	88.8112
41000	90.9808
41500	93.1828
42000	95.3916
42500	97.6289
43000	99.9061
43500	102.184
44000	104.472
44500	106.805
45000	109.158
45500	111.53
46000	113.92
46500	116.322
47000	118.764
47500	121.264
48000	125.964
48500	128.471
49000	131.105
49500	133.665
50000	136.277
50500	138.961
51000	141.646
51500	144.32
52000	147.015
52500	149.755
53000	152.522
53500	155.325
54000	158.158
54500	160.994
55000	163.838
55500	166.72
56000	169.633
56500	172.551
57000	175.507
57500	178.467
58000	181.682
58500	184.828
59000	187.895
59500	190.999
60000	194.139
60500	197.275
61000	202.604
61500	205.762
62000	208.983
62500	212.537
63000	215.791
63500	219.074
64000	222.397
64500	225.728
65000	229.086
65500	232.497
66000	235.942
66500	239.403
67000	242.921
67500	246.423
68000	249.934
68500	253.707
69000	257.294
69500	260.84
70000	264.432
70500	268.063
71000	271.725
71500	277.474
72000	281.183
72500	284.91
73000	288.667
73500	292.478
74000	296.303
74500	300.132
75000	303.977
75500	307.852
76000	311.809
76500	315.745
77000	319.701
77500	323.679
78000	327.725
78500	331.768
79000	335.811
79500	339.88
80000	343.988
80500	350.254
81000	354.363
81500	358.535
82000	362.731
82500	366.994
83000	371.26
83500	375.553
84000	379.888
84500	384.236
85000	388.618
85500	392.986
86000	397.381
86500	401.833
87000	406.299
87500	410.799
88000	415.344
88500	422.02
89000	426.533
89500	431.154
90000	435.806
90500	440.46
91000	445.126
91500	449.806
92000	454.541
92500	459.319
93000	464.11
93500	468.994
94000	473.898
94500	479.096
95000	484.045
95500	488.993
96000	495.946
96500	500.862
97000	505.829
97500	510.812
98000	515.868
98500	520.93
99000	526.144
99500	531.24
100000	536.377
100500	541.54
101000	546.784
101500	552.045
102000	557.289
102500	562.543
103000	570.058
103500	575.369
104000	580.739
104500	586.195
105000	591.642
105500	597.091
106000	602.549
106500	608.006
107000	613.511
107500	619.025
108000	624.575
108500	630.15
109000	635.762
109500	643.381
110000	649.026
110500	654.751
111000	660.477
111500	666.249
112000	671.999
112500	677.784
113000	683.581
113500	689.378
114000	695.23
114500	701.167
115000	707.071
115500	714.45
116000	720.367
116500	726.351
117000	732.24
117500	738.143
118000	744.289
118500	750.535
119000	758.047
119500	764.14
120000	770.256
120500	777.089
121000	784.814
121500	796.244
122000	803.191
122500	810.23
123000	817.042
123500	825.801
124000	832.862
124500	839.168
125000	845.567
125500	851.996
126000	858.399
126500	864.829
127000	871.617
127500	881.01
128000	887.468
128500	894.187
129000	900.857
129500	907.505
130000	914.464
130500	921.192
131000	928.371
131500	935.197
132000	942.082
132500	952.741
133000	961.816
133500	968.719
134000	975.619
134500	982.607
135000	989.599
135500	996.605
136000	1005.08
136500	1012.09
137000	1019.22
137500	1029.27
138000	1036.37
138500	1043.6
139000	1050.89
139500	1058.16
140000	1065.45
140500	1072.77
141000	1080.13
141500	1087.48
142000	1095.38
142500	1106.33
143000	1113.97
143500	1121.49
144000	1129.14
144500	1136.68
145000	1144.26
145500	1151.89
146000	1159.58
146500	1167.27
147000	1175.35
147500	1185.55
148000	1193.27
148500	1201.04
149000	1208.9
149500	1216.89
150000	1224.89
150500	1232.81
151000	1240.72
151500	1248.68
152000	1259.44
152500	1267.4
153000	1275.47
153500	1283.49
154000	1291.61
154500	1299.75
155000	1307.99
155500	1316.2
156000	1324.67
156500	1335.32
157000	1343.56
157500	1351.83
158000	1360.09
158500	1368.49
159000	1376.8
159500	1385.25
160000	1393.65
160500	1402.41
161000	1413.69
161500	1422.19
162000	1431.45
162500	1440.21
163000	1448.97
163500	1457.49
164000	1466.08
164500	1474.82
165000	1486.3
165500	1494.99
166000	1503.68
166500	1512.54
167000	1521.33
167500	1530.11
168000	1538.94
168500	1547.7
169000	1556.79
169500	1568.25
170000	1577.15
170500	1586.3
171000	1595.19
171500	1604.15
172000	1613.14
172500	1622.19
173000	1631.3
173500	1643.41
174000	1652.42
174500	1661.54
175000	1670.62
175500	1679.72
176000	1688.85
176500	1698.36
177000	1707.68
177500	1719.99
178000	1729.26
178500	1738.68
179000	1748.16
179500	1757.8
180000	1767.19
180500	1776.6
181000	1786.18
181500	1799.77
182000	1810.64
182500	1820.06
183000	1829.5
183500	1839.05
184000	1848.69
184500	1858.27
185000	1868.17
185500	1880.31
186000	1890.07
186500	1899.79
187000	1909.66
187500	1919.4
188000	1929.19
188500	1939.16
189000	1951.84
189500	1961.85
190000	1971.76
190500	1981.69
191000	1991.56
191500	2001.44
192000	2011.38
192500	2021.66
193000	2034.08
193500	2044.28
194000	2054.4
194500	2064.49
195000	2074.6
195500	2084.72
196000	2095.09
196500	2107.73
197000	2118.02
197500	2128.27
198000	2138.54
198500	2148.81
199000	2159.09
199500	2169.68
200000	2182.44
200500	2192.82
201000	2203.26
201500	2213.67
202000	2224.09
202500	2234.53
203000	2245.26
203500	2258.08
204000	2268.9
204500	2279.53
205000	2290.15
205500	2300.84
206000	2311.55
206500	2322.43
207000	2335.72
207500	2346.71
208000	2357.57
208500	2368.65
209000	2379.63
209500	2390.89
210000	2404.66
210500	2416.05
211000	2427.14
211500	2438.18
212000	2449.24
212500	2460.3
213000	2471.68
213500	2485.15
214000	2496.27
214500	2507.39
215000	2518.59
215500	2529.86
216000	2542.22
216500	2557.25
217000	2569.38
217500	2581.38
218000	2592.75
218500	2604.12
219000	2615.48
219500	2627.57
220000	2641.51
220500	2653.07
221000	2664.59
221500	2676.23
222000	2687.84
222500	2699.38
223000	2713.66
223500	2725.3
224000	2736.96
224500	2748.66
225000	2760.36
225500	2772.03
226000	2786.39
226500	2798.03
227000	2809.92
227500	2821.93
228000	2833.92
228500	2845.86
229000	2857.82
229500	2872.43
230000	2884.35
230500	2896.29
231000	2908.32
231500	2920.33
232000	2932.39
232500	2946.94
233000	2959.14
233500	2971.6
234000	2983.73
234500	2996.23
235000	3008.48
235500	3023.9
236000	3036.43
236500	3048.67
237000	3060.98
237500	3073.52
238000	3085.82
238500	3101.1
239000	3113.85
239500	3126.29
240000	3138.71
240500	3151.21
241000	3164.03
241500	3179.5
242000	3192.04
242500	3204.8
243000	3217.43
243500	3230.59
244000	3243.33
244500	3258.62
245000	3271.64
245500	3284.63
246000	3297.45
246500	3310.5
247000	3323.58
247500	3338.95
248000	3352.1
248500	3365.54
249000	3378.58
249500	3391.59
250000	3407.73
250500	3420.86
251000	3434.15
251500	3447.13
252000	3460.23
252500	3473.32
253000	3489.1
253500	3502.71
254000	3516
254500	3530
255000	3543.32
255500	3556.69
256000	3574.42
256500	3588.01
257000	3601.3
257500	3614.94
258000	3628.64
258500	3644.8
259000	3658.21
259500	3671.96
260000	3685.83
260500	3699.34
261000	3712.96
261500	3729.03
262000	3742.7
262500	3756.37
263000	3770.11
263500	3783.75
264000	3799.99
264500	3813.69
265000	3827.48
265500	3841.22
266000	3854.99
266500	3868.87
267000	3885.26
267500	3899.07
268000	3913.08
268500	3927
269000	3940.99
269500	3957.69
270000	3971.86
270500	3985.94
271000	4000.06
271500	4014.17
272000	4030.8
272500	4044.89
273000	4059.12
273500	4073.65
274000	4087.82
274500	4104.9
275000	4119.03
275500	4133.66
276000	4148.46
276500	4163.31
277000	4180.54
277500	4195.13
278000	4209.84
278500	4224.55
279000	4239.75
279500	4254.47
280000	4271.82
280500	4286.73
281000	4301.45
281500	4316.64
282000	4331.29
282500	4348.59
283000	4363.26
283500	4378.53
284000	4393.34
284500	4408.72
285000	4425.99
285500	4441.18
286000	4455.96
286500	4470.76
287000	4488.15
287500	4503.34
288000	4518.77
288500	4534.43
289000	4549.77
289500	4568.32
290000	4583.62
290500	4598.78
291000	4614.14
291500	4629.25
292000	4646.91
292500	4662.02
293000	4677.41
293500	4692.61
294000	4707.8
294500	4725.47
295000	4740.9
295500	4756.27
296000	4771.62
296500	4789.54
297000	4804.76
297500	4820.2
298000	4835.66
298500	4851.17
299000	4869
299500	4884.48
