0	4.47162
100000	8.40692
200000	12.9469
300000	14.2295
400000	15.514
500000	24.9275
600000	26.2574
700000	27.8898
800000	29.5688
900000	30.9033
1e+06	48.0572
1.1e+06	49.9221
1.2e+06	51.2655
1.3e+06	52.6016
1.4e+06	53.9436
1.5e+06	55.2786
1.6e+06	56.6116
1.7e+06	57.9604
1.8e+06	59.3212
1.9e+06	60.6615
2e+06	91.9982
2.1e+06	93.6546
2.2e+06	96.1937
2.3e+06	97.5438
2.4e+06	99.0165
2.5e+06	100.399
2.6e+06	101.767
2.7e+06	103.112
2.8e+06	104.493
2.9e+06	105.871
3e+06	107.231
3.1e+06	108.596
3.2e+06	109.953
3.3e+06	111.312
3.4e+06	112.692
3.5e+06	114.065
3.6e+06	115.559
3.7e+06	116.961
3.8e+06	118.346
3.9e+06	119.708
4e+06	121.08
4.1e+06	175.522
4.2e+06	176.864
4.3e+06	178.239
4.4e+06	179.611
4.5e+06	180.965
4.6e+06	182.332
4.7e+06	183.714
4.8e+06	185.078
4.9e+06	186.445
5e+06	187.818
5.1e+06	189.239
5.2e+06	191.461
5.3e+06	193.488
5.4e+06	194.855
5.5e+06	196.223
5.6e+06	197.594
5.7e+06	199.006
5.8e+06	200.591
5.9e+06	201.964
6e+06	203.37
6.1e+06	204.784
6.2e+06	206.166
6.3e+06	207.546
6.4e+06	209.882
6.5e+06	211.695
6.6e+06	213.12
6.7e+06	215.216
6.8e+06	218.433
6.9e+06	220.571
7e+06	222.1
7.1e+06	223.577
7.2e+06	224.967
7.3e+06	226.337
7.4e+06	227.695
7.5e+06	229.062
7.6e+06	230.43
7.7e+06	231.785
7.8e+06	233.184
7.9e+06	234.724
8e+06	236.307
8.1e+06	237.727
8.2e+06	239.59
8.3e+06	346.744
8.4e+06	348.074
8.5e+06	349.393
8.6e+06	350.716
8.7e+06	352.053
8.8e+06	353.391
8.9e+06	354.758
9e+06	356.104
9.1e+06	357.471
9.2e+06	358.841
9.3e+06	361.296
9.4e+06	363.021
9.5e+06	364.418
9.6e+06	365.788
9.7e+06	367.196
9.8e+06	368.561
9.9e+06	369.928
1e+07	371.312
1.01e+07	372.697
1.02e+07	374.06
1.03e+07	375.43
1.04e+07	376.814
1.05e+07	378.187
1.06e+07	379.571
1.07e+07	381.275
1.08e+07	383.829
1.09e+07	385.218
1.1e+07	386.596
1.11e+07	389.347
1.12e+07	391.109
1.13e+07	393.97
1.14e+07	395.356
1.15e+07	396.777
1.16e+07	398.18
1.17e+07	400.931
1.18e+07	402.542
1.19e+07	403.917
1.2e+07	405.28
1.21e+07	406.637
1.22e+07	408.03
1.23e+07	410.312
1.24e+07	412.145
1.25e+07	413.508
1.26e+07	414.868
1.27e+07	416.228
1.28e+07	417.608
1.29e+07	418.969
1.3e+07	420.35
1.31e+07	421.748
1.32e+07	423.109
1.33e+07	424.484
1.34e+07	425.878
1.35e+07	427.277
1.36e+07	428.678
1.37e+07	430.077
1.38e+07	431.456
1.39e+07	432.84
1.4e+07	434.256
1.41e+07	437.349
1.42e+07	438.99
1.43e+07	440.647
1.44e+07	443.411
1.45e+07	445.02
1.46e+07	447.395
1.47e+07	449.94
1.48e+07	452.118
1.49e+07	453.715
1.5e+07	455.748
1.51e+07	458.139
1.52e+07	459.519
1.53e+07	460.887
1.54e+07	462.269
1.55e+07	464.899
1.56e+07	466.587
1.57e+07	468.04
1.58e+07	469.853
1.59e+07	472.201
1.6e+07	473.572
1.61e+07	474.978
1.62e+07	476.344
1.63e+07	477.73
1.64e+07	479.085
1.65e+07	480.443
1.66e+07	481.858
1.67e+07	685.953
1.68e+07	687.504
1.69e+07	689.106
1.7e+07	690.729
1.71e+07	692.371
1.72e+07	694.002
1.73e+07	695.696
1.74e+07	697.428
1.75e+07	699.136
1.76e+07	700.895
1.77e+07	702.635
1.78e+07	704.376
1.79e+07	705.866
1.8e+07	707.268
1.81e+07	708.693
1.82e+07	710.077
1.83e+07	711.487
1.84e+07	712.945
1.85e+07	714.396
1.86e+07	716.041
1.87e+07	717.809
1.88e+07	719.514
1.89e+07	720.91
1.9e+07	722.299
1.91e+07	723.694
1.92e+07	725.09
1.93e+07	726.499
1.94e+07	727.922
1.95e+07	729.331
1.96e+07	730.809
1.97e+07	732.205
1.98e+07	733.597
1.99e+07	734.998
2e+07	736.398
2.01e+07	737.787
2.02e+07	739.196
2.03e+07	740.686
2.04e+07	742.314
2.05e+07	743.712
2.06e+07	745.121
2.07e+07	746.51
2.08e+07	747.938
2.09e+07	749.343
2.1e+07	750.73
2.11e+07	752.115
2.12e+07	753.512
2.13e+07	754.904
2.14e+07	756.314
2.15e+07	757.723
2.16e+07	759.133
2.17e+07	760.526
2.18e+07	762.077
2.19e+07	763.669
2.2e+07	765.083
2.21e+07	766.472
2.22e+07	767.867
2.23e+07	769.251
2.24e+07	770.641
2.25e+07	772.036
2.26e+07	773.445
2.27e+07	774.852
2.28e+07	776.264
2.29e+07	777.68
2.3e+07	779.07
2.31e+07	780.455
2.32e+07	781.855
2.33e+07	783.278
2.34e+07	784.681
2.35e+07	786.074
2.36e+07	787.487
2.37e+07	788.894
2.38e+07	790.287
2.39e+07	791.685
2.4e+07	793.094
2.41e+07	794.488
2.42e+07	795.885
2.43e+07	797.289
2.44e+07	798.685
2.45e+07	800.075
2.46e+07	801.481
2.47e+07	802.878
2.48e+07	804.278
2.49e+07	805.751
2.5e+07	807.152
2.51e+07	808.54
2.52e+07	809.937
2.53e+07	811.332
2.54e+07	812.728
2.55e+07	814.132
2.56e+07	815.549
2.57e+07	816.947
2.58e+07	818.366
2.59e+07	819.775
2.6e+07	821.164
2.61e+07	822.722
2.62e+07	824.137
2.63e+07	825.523
2.64e+07	826.925
2.65e+07	828.32
2.66e+07	829.716
2.67e+07	831.102
2.68e+07	832.499
2.69e+07	833.885
2.7e+07	835.284
2.71e+07	836.752
2.72e+07	838.288
2.73e+07	839.703
2.74e+07	841.097
2.75e+07	842.483
2.76e+07	843.881
2.77e+07	845.279
2.78e+07	846.691
2.79e+07	848.084
2.8e+07	849.507
2.81e+07	850.901
2.82e+07	852.296
2.83e+07	853.698
2.84e+07	855.104
2.85e+07	856.493
2.86e+07	857.9
2.87e+07	859.298
2.88e+07	860.722
2.89e+07	862.104
2.9e+07	863.515
2.91e+07	864.914
2.92e+07	866.304
2.93e+07	867.693
2.94e+07	869.09
2.95e+07	870.471
2.96e+07	871.861
2.97e+07	873.251
2.98e+07	874.648
2.99e+07	876.069
3e+07	877.487
3.01e+07	878.869
3.02e+07	880.257
3.03e+07	881.654
3.04e+07	883.036
3.05e+07	884.426
3.06e+07	885.816
3.07e+07	887.205
3.08e+07	888.585
3.09e+07	889.979
3.1e+07	891.364
3.11e+07	892.775
3.12e+07	894.18
3.13e+07	895.565
3.14e+07	896.952
3.15e+07	898.34
3.16e+07	899.736
3.17e+07	901.133
3.18e+07	902.532
3.19e+07	903.928
3.2e+07	905.337
3.21e+07	906.735
3.22e+07	908.122
3.23e+07	909.512
3.24e+07	910.9
3.25e+07	912.299
3.26e+07	913.689
3.27e+07	915.094
3.28e+07	916.486
3.29e+07	917.871
3.3e+07	919.268
3.31e+07	920.647
3.32e+07	922.053
3.33e+07	923.44
3.34e+07	924.822
3.35e+07	1320.63
3.36e+07	1321.88
3.37e+07	1323.14
3.38e+07	1324.43
3.39e+07	1325.74
3.4e+07	1327.06
3.41e+07	1328.38
3.42e+07	1329.95
3.43e+07	1331.33
3.44e+07	1332.66
3.45e+07	1333.99
3.46e+07	1335.33
3.47e+07	1336.69
3.48e+07	1338.06
3.49e+07	1339.43
3.5e+07	1340.79
3.51e+07	1342.17
3.52e+07	1343.54
3.53e+07	1344.93
3.54e+07	1346.32
3.55e+07	1347.69
3.56e+07	1349.07
3.57e+07	1350.47
3.58e+07	1351.85
3.59e+07	1353.24
3.6e+07	1354.63
3.61e+07	1356.03
3.62e+07	1357.42
3.63e+07	1358.8
3.64e+07	1360.18
3.65e+07	1361.58
3.66e+07	1362.97
3.67e+07	1364.37
3.68e+07	1365.77
3.69e+07	1367.15
3.7e+07	1368.53
3.71e+07	1369.92
3.72e+07	1371.31
3.73e+07	1372.69
3.74e+07	1374.08
3.75e+07	1375.48
3.76e+07	1376.86
3.77e+07	1378.25
3.78e+07	1379.64
3.79e+07	1381.04
3.8e+07	1382.43
3.81e+07	1383.82
3.82e+07	1385.52
3.83e+07	1386.9
3.84e+07	1388.29
3.85e+07	1389.67
3.86e+07	1391.06
3.87e+07	1392.45
3.88e+07	1393.84
3.89e+07	1395.23
3.9e+07	1396.63
3.91e+07	1398.01
3.92e+07	1399.39
3.93e+07	1400.94
3.94e+07	1402.48
3.95e+07	1403.86
3.96e+07	1405.25
3.97e+07	1406.64
3.98e+07	1408.02
3.99e+07	1409.39
4e+07	1410.79
4.01e+07	1412.27
4.02e+07	1413.92
4.03e+07	1415.3
4.04e+07	1416.71
4.05e+07	1418.09
4.06e+07	1419.79
4.07e+07	1421.49
4.08e+07	1423.04
4.09e+07	1424.42
4.1e+07	1425.79
4.11e+07	1427.19
4.12e+07	1428.58
4.13e+07	1429.96
4.14e+07	1431.35
4.15e+07	1432.73
4.16e+07	1434.12
4.17e+07	1435.51
4.18e+07	1436.9
4.19e+07	1438.29
4.2e+07	1439.67
4.21e+07	1441.05
4.22e+07	1442.46
4.23e+07	1443.85
4.24e+07	1445.23
4.25e+07	1446.62
4.26e+07	1448.01
4.27e+07	1449.39
4.28e+07	1450.78
4.29e+07	1452.15
4.3e+07	1453.54
4.31e+07	1454.92
4.32e+07	1456.31
4.33e+07	1457.7
4.34e+07	1459.09
4.35e+07	1460.48
4.36e+07	1461.86
4.37e+07	1463.23
4.38e+07	1464.61
4.39e+07	1465.99
4.4e+07	1467.36
4.41e+07	1468.73
4.42e+07	1470.11
4.43e+07	1471.5
4.44e+07	1472.87
4.45e+07	1474.25
4.46e+07	1475.63
4.47e+07	1477
4.48e+07	1478.38
4.49e+07	1479.75
4.5e+07	1481.15
4.51e+07	1482.54
4.52e+07	1483.92
4.53e+07	1485.3
4.54e+07	1486.7
4.55e+07	1488.09
4.56e+07	1489.49
4.57e+07	1490.88
4.58e+07	1492.27
4.59e+07	1493.67
4.6e+07	1495.05
4.61e+07	1496.45
4.62e+07	1497.83
4.63e+07	1499.22
4.64e+07	1500.6
4.65e+07	1501.98
4.66e+07	1503.37
4.67e+07	1504.77
4.68e+07	1506.18
4.69e+07	1507.57
4.7e+07	1508.97
4.71e+07	1510.36
4.72e+07	1511.74
4.73e+07	1513.14
4.74e+07	1514.52
4.75e+07	1515.91
4.76e+07	1517.3
4.77e+07	1518.69
4.78e+07	1520.07
4.79e+07	1521.47
4.8e+07	1522.86
4.81e+07	1524.25
4.82e+07	1525.66
4.83e+07	1527.04
4.84e+07	1528.43
4.85e+07	1529.82
4.86e+07	1531.22
4.87e+07	1532.61
4.88e+07	1534
4.89e+07	1535.39
4.9e+07	1536.78
4.91e+07	1538.17
4.92e+07	1539.55
4.93e+07	1540.93
4.94e+07	1542.34
4.95e+07	1543.71
4.96e+07	1545.1
4.97e+07	1546.49
4.98e+07	1547.87
4.99e+07	1549.26
5e+07	1550.65
5.01e+07	1552.03
5.02e+07	1553.43
5.03e+07	1554.84
5.04e+07	1556.24
5.05e+07	1557.64
5.06e+07	1559.03
5.07e+07	1560.42
5.08e+07	1561.8
5.09e+07	1563.2
5.1e+07	1564.59
5.11e+07	1565.98
5.12e+07	1567.36
5.13e+07	1568.74
5.14e+07	1570.13
5.15e+07	1571.51
5.16e+07	1572.89
5.17e+07	1574.27
5.18e+07	1575.68
5.19e+07	1577.06
5.2e+07	1578.44
5.21e+07	1579.81
5.22e+07	1581.21
5.23e+07	1582.6
5.24e+07	1583.99
5.25e+07	1585.37
5.26e+07	1586.76
5.27e+07	1588.16
5.28e+07	1589.54
5.29e+07	1590.96
5.3e+07	1592.35
5.31e+07	1593.81
5.32e+07	1595.25
5.33e+07	1596.63
5.34e+07	1598.05
5.35e+07	1599.44
5.36e+07	1600.83
5.37e+07	1602.23
5.38e+07	1603.62
5.39e+07	1605.02
5.4e+07	1606.4
5.41e+07	1607.8
5.42e+07	1609.18
5.43e+07	1610.57
5.44e+07	1611.97
5.45e+07	1613.34
5.46e+07	1614.71
5.47e+07	1616.08
5.48e+07	1617.45
5.49e+07	1618.84
5.5e+07	1620.22
5.51e+07	1621.6
5.52e+07	1623
5.53e+07	1624.39
5.54e+07	1625.78
5.55e+07	1627.17
5.56e+07	1628.55
5.57e+07	1629.97
5.58e+07	1631.39
5.59e+07	1632.88
5.6e+07	1634.27
5.61e+07	1635.66
5.62e+07	1637.04
5.63e+07	1638.47
5.64e+07	1639.88
5.65e+07	1641.27
5.66e+07	1642.67
5.67e+07	1644.08
5.68e+07	1645.5
5.69e+07	1646.89
5.7e+07	1648.29
5.71e+07	1649.68
5.72e+07	1651.1
5.73e+07	1652.54
5.74e+07	1653.96
5.75e+07	1655.35
5.76e+07	1656.8
5.77e+07	1658.24
5.78e+07	1659.64
5.79e+07	1661.03
5.8e+07	1662.42
5.81e+07	1663.8
5.82e+07	1665.22
5.83e+07	1666.65
5.84e+07	1668.04
5.85e+07	1669.45
5.86e+07	1670.92
5.87e+07	1672.31
5.88e+07	1673.75
5.89e+07	1675.19
5.9e+07	1676.62
5.91e+07	1678.02
5.92e+07	1679.45
5.93e+07	1680.88
5.94e+07	1682.38
5.95e+07	1683.77
5.96e+07	1685.16
5.97e+07	1686.57
5.98e+07	1687.99
5.99e+07	1689.45
