0	1.66118
100000	3.86416
200000	6.40791
300000	7.5527
400000	8.85235
500000	13.6635
600000	15.4612
700000	16.6408
800000	18.7324
900000	20.5528
1e+06	26.4908
1.1e+06	28.5737
1.2e+06	29.9727
1.3e+06	31.6291
1.4e+06	33.7002
1.5e+06	34.9241
1.6e+06	36.118
1.7e+06	37.7947
1.8e+06	39.9042
1.9e+06	41.0951
2e+06	49.9195
2.1e+06	51.299
2.2e+06	53.1909
2.3e+06	55.1335
2.4e+06	57.4866
2.5e+06	60.5323
2.6e+06	61.8975
2.7e+06	63.4283
2.8e+06	65.719
2.9e+06	68.2262
3e+06	71.5178
3.1e+06	73.9498
3.2e+06	76.79
3.3e+06	80.5061
3.4e+06	84.4252
3.5e+06	88.556
3.6e+06	91.2192
3.7e+06	94.24
3.8e+06	98.0166
3.9e+06	99.454
4e+06	100.768
4.1e+06	118.307
4.2e+06	119.603
4.3e+06	120.974
4.4e+06	124.107
4.5e+06	126.331
4.6e+06	128.103
4.7e+06	130.999
4.8e+06	132.746
4.9e+06	133.881
5e+06	135.227
5.1e+06	136.451
5.2e+06	137.58
5.3e+06	138.697
5.4e+06	139.835
5.5e+06	141.003
5.6e+06	142.15
5.7e+06	143.34
5.8e+06	144.519
5.9e+06	145.862
6e+06	148.076
6.1e+06	150.443
6.2e+06	152.115
6.3e+06	153.636
6.4e+06	154.837
6.5e+06	156.085
6.6e+06	158.266
6.7e+06	159.719
6.8e+06	160.86
6.9e+06	162.04
7e+06	163.209
7.1e+06	164.398
7.2e+06	165.561
7.3e+06	167.567
7.4e+06	169.435
7.5e+06	170.65
7.6e+06	171.878
7.7e+06	173.029
7.8e+06	174.187
7.9e+06	175.393
8e+06	176.573
8.1e+06	177.731
8.2e+06	178.925
8.3e+06	216.937
8.4e+06	218.073
8.5e+06	219.196
8.6e+06	220.536
8.7e+06	222.94
8.8e+06	224.04
8.9e+06	225.149
9e+06	226.271
9.1e+06	227.388
9.2e+06	228.512
9.3e+06	229.671
9.4e+06	230.817
9.5e+06	231.968
9.6e+06	233.173
9.7e+06	234.342
9.8e+06	235.518
9.9e+06	236.699
1e+07	237.847
1.01e+07	239.075
1.02e+07	240.264
1.03e+07	241.429
1.04e+07	242.601
1.05e+07	243.754
1.06e+07	245.477
1.07e+07	247.624
1.08e+07	248.83
1.09e+07	250.083
1.1e+07	251.514
1.11e+07	252.711
1.12e+07	253.921
1.13e+07	255.152
1.14e+07	256.379
1.15e+07	258.639
1.16e+07	260.272
1.17e+07	261.485
1.18e+07	262.693
1.19e+07	263.959
1.2e+07	265.616
1.21e+07	268.147
1.22e+07	270.6
1.23e+07	272.813
1.24e+07	274.04
1.25e+07	275.211
1.26e+07	276.371
1.27e+07	277.779
1.28e+07	280.04
1.29e+07	281.795
1.3e+07	284.187
1.31e+07	285.663
1.32e+07	286.831
1.33e+07	288.829
1.34e+07	290.706
1.35e+07	291.91
1.36e+07	293.072
1.37e+07	294.281
1.38e+07	295.683
1.39e+07	296.838
1.4e+07	298.033
1.41e+07	299.189
1.42e+07	300.408
1.43e+07	301.572
1.44e+07	302.755
1.45e+07	303.946
1.46e+07	305.164
1.47e+07	306.557
1.48e+07	307.744
1.49e+07	308.914
1.5e+07	310.217
1.51e+07	312.529
1.52e+07	314.019
1.53e+07	315.249
1.54e+07	316.563
1.55e+07	318.92
1.56e+07	320.278
1.57e+07	321.451
1.58e+07	322.632
1.59e+07	324.661
1.6e+07	326.421
1.61e+07	327.588
1.62e+07	328.762
1.63e+07	331.415
1.64e+07	334.414
1.65e+07	336.519
1.66e+07	337.989
1.67e+07	419.382
1.68e+07	420.429
1.69e+07	421.462
1.7e+07	422.506
1.71e+07	423.578
1.72e+07	424.814
1.73e+07	427.005
1.74e+07	428.496
1.75e+07	430.045
1.76e+07	432.058
1.77e+07	433.328
1.78e+07	434.429
1.79e+07	435.536
1.8e+07	436.646
1.81e+07	438.305
1.82e+07	440.38
1.83e+07	441.502
1.84e+07	442.628
1.85e+07	443.808
1.86e+07	444.951
1.87e+07	446.088
1.88e+07	447.223
1.89e+07	448.406
1.9e+07	449.559
1.91e+07	450.723
1.92e+07	451.882
1.93e+07	453.057
1.94e+07	454.225
1.95e+07	455.514
1.96e+07	458.025
1.97e+07	459.325
1.98e+07	460.481
1.99e+07	461.636
2e+07	462.818
2.01e+07	464.05
2.02e+07	465.428
2.03e+07	467.631
2.04e+07	469.167
2.05e+07	470.336
2.06e+07	471.516
2.07e+07	472.689
2.08e+07	473.891
2.09e+07	475.074
2.1e+07	476.31
2.11e+07	478.349
2.12e+07	480.568
2.13e+07	482.657
2.14e+07	483.874
2.15e+07	486.038
2.16e+07	488.646
2.17e+07	490.761
2.18e+07	492.95
2.19e+07	494.284
2.2e+07	495.442
2.21e+07	496.612
2.22e+07	497.799
2.23e+07	498.988
2.24e+07	500.162
2.25e+07	501.315
2.26e+07	502.526
2.27e+07	503.687
2.28e+07	504.843
2.29e+07	506.045
2.3e+07	507.23
2.31e+07	508.422
2.32e+07	509.62
2.33e+07	510.828
2.34e+07	512.008
2.35e+07	513.178
2.36e+07	514.406
2.37e+07	515.594
2.38e+07	516.768
2.39e+07	517.93
2.4e+07	519.111
2.41e+07	520.553
2.42e+07	522.642
2.43e+07	524.135
2.44e+07	525.339
2.45e+07	526.547
2.46e+07	527.744
2.47e+07	528.908
2.48e+07	530.066
2.49e+07	531.22
2.5e+07	532.394
2.51e+07	533.566
2.52e+07	534.752
2.53e+07	535.914
2.54e+07	537.073
2.55e+07	538.275
2.56e+07	539.467
2.57e+07	540.64
2.58e+07	541.826
2.59e+07	543.015
2.6e+07	544.19
2.61e+07	545.366
2.62e+07	546.542
2.63e+07	547.723
2.64e+07	548.893
2.65e+07	550.08
2.66e+07	551.246
2.67e+07	552.436
2.68e+07	553.616
2.69e+07	554.787
2.7e+07	555.974
2.71e+07	557.16
2.72e+07	558.351
2.73e+07	559.538
2.74e+07	560.719
2.75e+07	561.901
2.76e+07	563.106
2.77e+07	564.286
2.78e+07	565.469
2.79e+07	566.643
2.8e+07	567.849
2.81e+07	569.041
2.82e+07	570.22
2.83e+07	571.387
2.84e+07	572.575
2.85e+07	573.765
2.86e+07	574.963
2.87e+07	576.146
2.88e+07	577.322
2.89e+07	578.511
2.9e+07	579.687
2.91e+07	580.876
2.92e+07	582.091
2.93e+07	583.271
2.94e+07	584.455
2.95e+07	585.632
2.96e+07	586.84
2.97e+07	588.034
2.98e+07	589.231
2.99e+07	590.436
3e+07	591.652
3.01e+07	592.838
3.02e+07	594.038
3.03e+07	595.223
3.04e+07	596.432
3.05e+07	597.642
3.06e+07	598.88
3.07e+07	600.09
3.08e+07	601.391
3.09e+07	602.697
3.1e+07	603.885
3.11e+07	605.069
3.12e+07	606.301
3.13e+07	607.516
3.14e+07	608.713
3.15e+07	609.911
3.16e+07	611.184
3.17e+07	612.475
3.18e+07	613.678
3.19e+07	614.887
3.2e+07	616.11
3.21e+07	617.315
3.22e+07	618.532
3.23e+07	619.76
3.24e+07	620.996
3.25e+07	622.211
3.26e+07	623.536
3.27e+07	624.813
3.28e+07	626.01
3.29e+07	627.208
3.3e+07	628.58
3.31e+07	629.784
3.32e+07	630.995
3.33e+07	632.238
3.34e+07	633.461
3.35e+07	737.351
3.36e+07	739.204
3.37e+07	741.254
3.38e+07	742.481
3.39e+07	743.577
3.4e+07	744.883
3.41e+07	746.862
3.42e+07	748.415
3.43e+07	749.562
3.44e+07	750.694
3.45e+07	751.832
3.46e+07	753.046
3.47e+07	754.195
3.48e+07	756.246
3.49e+07	758.059
3.5e+07	759.878
3.51e+07	761.897
3.52e+07	763.154
3.53e+07	764.315
3.54e+07	765.481
3.55e+07	766.652
3.56e+07	767.82
3.57e+07	769.004
3.58e+07	770.202
3.59e+07	771.375
3.6e+07	772.573
3.61e+07	773.754
3.62e+07	774.937
3.63e+07	776.202
3.64e+07	777.97
3.65e+07	780.047
3.66e+07	781.293
3.67e+07	782.463
3.68e+07	784.62
3.69e+07	787.96
3.7e+07	789.271
3.71e+07	790.544
3.72e+07	791.765
3.73e+07	793.191
3.74e+07	795.377
3.75e+07	796.694
3.76e+07	798.447
3.77e+07	800.646
3.78e+07	801.844
3.79e+07	803.073
3.8e+07	804.266
3.81e+07	805.448
3.82e+07	806.64
3.83e+07	807.921
3.84e+07	809.143
3.85e+07	810.327
3.86e+07	811.53
3.87e+07	812.73
3.88e+07	813.913
3.89e+07	815.124
3.9e+07	816.311
3.91e+07	817.488
3.92e+07	818.675
3.93e+07	819.872
3.94e+07	821.085
3.95e+07	822.311
3.96e+07	823.512
3.97e+07	824.699
3.98e+07	825.885
3.99e+07	827.1
4e+07	828.31
4.01e+07	829.496
4.02e+07	830.704
4.03e+07	831.9
4.04e+07	833.097
4.05e+07	834.285
4.06e+07	835.481
4.07e+07	836.702
4.08e+07	837.886
4.09e+07	839.09
4.1e+07	840.285
4.11e+07	841.473
4.12e+07	842.676
4.13e+07	843.899
4.14e+07	845.097
4.15e+07	846.299
4.16e+07	847.507
4.17e+07	848.739
4.18e+07	849.977
4.19e+07	851.315
4.2e+07	852.679
4.21e+07	853.889
4.22e+07	855.088
4.23e+07	856.291
4.24e+07	857.584
4.25e+07	858.813
4.26e+07	860.065
4.27e+07	861.262
4.28e+07	862.483
4.29e+07	863.695
4.3e+07	864.94
4.31e+07	866.147
4.32e+07	867.364
4.33e+07	868.677
4.34e+07	869.884
4.35e+07	871.172
4.36e+07	872.433
4.37e+07	873.63
4.38e+07	874.858
4.39e+07	876.059
4.4e+07	877.389
4.41e+07	878.671
4.42e+07	879.867
4.43e+07	881.073
4.44e+07	882.267
4.45e+07	883.495
4.46e+07	884.968
4.47e+07	886.269
4.48e+07	887.546
4.49e+07	888.786
4.5e+07	890.066
4.51e+07	891.379
4.52e+07	892.574
4.53e+07	893.774
4.54e+07	894.985
4.55e+07	896.205
4.56e+07	897.416
4.57e+07	898.623
4.58e+07	899.815
4.59e+07	901.02
4.6e+07	902.217
4.61e+07	903.428
4.62e+07	904.704
4.63e+07	905.929
4.64e+07	907.135
4.65e+07	908.354
4.66e+07	909.583
4.67e+07	910.828
4.68e+07	912.188
4.69e+07	913.416
4.7e+07	914.879
4.71e+07	916.469
4.72e+07	918.062
4.73e+07	919.64
4.74e+07	921.235
4.75e+07	922.529
4.76e+07	923.771
4.77e+07	924.986
4.78e+07	926.196
4.79e+07	927.426
4.8e+07	928.664
4.81e+07	929.867
4.82e+07	931.067
4.83e+07	932.403
4.84e+07	933.66
4.85e+07	934.883
4.86e+07	936.14
4.87e+07	937.397
4.88e+07	938.667
4.89e+07	939.985
4.9e+07	941.209
4.91e+07	942.49
4.92e+07	943.773
4.93e+07	944.994
4.94e+07	946.289
4.95e+07	947.643
4.96e+07	949.047
4.97e+07	950.354
4.98e+07	951.608
4.99e+07	952.812
5e+07	954.01
5.01e+07	955.332
5.02e+07	956.531
5.03e+07	957.83
5.04e+07	959.179
5.05e+07	960.386
5.06e+07	961.637
5.07e+07	962.853
5.08e+07	964.096
5.09e+07	965.308
5.1e+07	966.581
5.11e+07	967.841
5.12e+07	969.078
5.13e+07	970.28
5.14e+07	971.504
5.15e+07	972.746
5.16e+07	974.124
5.17e+07	975.484
5.18e+07	976.756
5.19e+07	978.042
5.2e+07	979.238
5.21e+07	980.459
5.22e+07	981.713
5.23e+07	982.936
5.24e+07	984.221
5.25e+07	985.496
5.26e+07	986.808
5.27e+07	988.039
5.28e+07	989.257
5.29e+07	990.55
5.3e+07	991.797
5.31e+07	993.029
5.32e+07	994.252
5.33e+07	995.507
5.34e+07	996.754
5.35e+07	997.987
5.36e+07	999.243
5.37e+07	1000.46
5.38e+07	1001.71
5.39e+07	1002.91
5.4e+07	1004.12
5.41e+07	1005.32
5.42e+07	1006.53
5.43e+07	1007.76
5.44e+07	1008.99
5.45e+07	1010.19
5.46e+07	1011.42
5.47e+07	1012.72
5.48e+07	1013.97
5.49e+07	1015.19
5.5e+07	1016.4
5.51e+07	1017.61
5.52e+07	1018.82
5.53e+07	1020.06
5.54e+07	1021.32
5.55e+07	1022.68
5.56e+07	1023.89
5.57e+07	1025.13
5.58e+07	1026.38
5.59e+07	1027.6
5.6e+07	1028.83
5.61e+07	1030.04
5.62e+07	1031.23
5.63e+07	1032.46
5.64e+07	1033.75
5.65e+07	1035.06
5.66e+07	1036.5
5.67e+07	1037.71
5.68e+07	1038.92
5.69e+07	1040.15
5.7e+07	1041.42
5.71e+07	1042.64
5.72e+07	1043.91
5.73e+07	1045.14
5.74e+07	1046.42
5.75e+07	1047.66
5.76e+07	1048.88
5.77e+07	1050.17
5.78e+07	1051.38
5.79e+07	1052.61
5.8e+07	1053.86
5.81e+07	1055.24
5.82e+07	1056.81
5.83e+07	1058.38
5.84e+07	1059.98
5.85e+07	1061.59
5.86e+07	1063.11
5.87e+07	1064.65
5.88e+07	1066.24
5.89e+07	1067.87
5.9e+07	1069.53
5.91e+07	1071.18
5.92e+07	1072.91
5.93e+07	1074.77
5.94e+07	1076.32
5.95e+07	1077.76
5.96e+07	1079.06
5.97e+07	1080.29
5.98e+07	1081.52
5.99e+07	1082.74
